2026096 -> 35 37 26 05 25 15 + 43
2026097 -> 28 08 44 26 29 46 + 11
2026098 -> 24 08 03 14 32 49 + 17
2026099 -> 10 32 22 18 28 17 + 12
2026100 -> 24 45 04 32 03 48 + 33
2026101 -> 22 08 02 34 20 12 + 39
2026102 -> 47 03 32 46 39 36 + 20
2026103 -> 34 03 01 30 39 04 + 06
2026104 -> 20 45 39 49 03 48 + 01
2026105 -> 32 44 17 19 11 36 + 28
2026106 -> 31 48 05 11 46 40 + 22
2026107 -> 35 10 41 43 34 06 + 49
2026108 -> 06 30 26 14 48 40 + 45
2026109 -> 38 07 19 24 43 08 + 16
2026110 -> 40 03 43 29 45 19 + 30
2026111 -> 24 23 21 41 38 33 + 01
2026112 -> 15 19 30 07 44 10 + 09
2026113 -> 42 22 15 17 32 49 + 02
2026114 -> 45 41 10 01 36 25 + 30
2026115 -> 21 16 25 29 08 07 + 04
2026116 -> 15 46 16 10 48 33 + 22
2026117 -> 45 02 46 33 19 07 + 16
2026118 -> 38 37 22 46 49 40 + 08
2026119 -> 38 18 32 22 30 40 + 11
2026120 -> 18 24 07 23 48 20 + 06
2026121 -> 45 21 35 48 06 20 + 44
2026122 -> 18 23 15 22 25 45 + 01
2026123 -> 39 23 49 17 42 44 + 46
2026124 -> 46 05 10 17 12 22 + 39
2026125 -> 16 19 07 30 38 39 + 31
2026126 -> 15 09 05 03 01 10 + 49
2026127 -> 14 08 27 03 07 29 + 45
2026128 -> 25 46 02 07 45 42 + 37
2026129 -> 34 07 40 21 17 25 + 41
2026130 -> 41 26 09 11 05 25 + 29
2026131 -> 12 40 21 32 01 25 + 07
2026132 -> 48 11 20 44 39 35 + 30
2026133 -> 38 14 23 01 26 44 + 07
2026134 -> 24 46 40 44 22 49 + 37
2026135 -> 08 35 09 20 18 47 + 30
2026136 -> 01 14 24 17 15 12 + 48
2026137 -> 24 20 32 05 19 07 + 26
2026138 -> 38 22 06 24 20 46 + 49
2026139 -> 41 45 48 01 36 30 + 24
2026140 -> 13 10 42 04 46 34 + 16
2026141 -> 43 08 17 02 34 32 + 33
2026142 -> 45 15 26 21 18 35 + 23
2026143 -> 13 26 18 32 02 33 + 44
2026144 -> 47 31 29 33 22 26 + 43
2026145 -> 36 43 25 32 37 18 + 05